312.667 0 170.333
311.966 0 168.837
311.263 0 167.366
310.558 0 165.922
309.85 0 164.504
309.141 0 163.112
308.43 0 161.746
307.716 0 160.405
307.001 0 159.089
306.283 0 157.799
305.563 0 156.533
304.841 0 155.293
304.116 0 154.077
303.389 0 152.885
302.66 0 151.718
301.929 0 150.575
301.195 0 149.455
300.459 0 148.36
299.72 0 147.288
298.979 0 146.239
298.236 0 145.213
297.49 0 144.211
296.742 0 143.231
295.991 0 142.274
295.238 0 141.339
294.482 0 140.427
293.723 0 139.537
292.962 0 138.669
292.199 0 137.822
291.432 0 136.997
290.663 0 136.193
289.891 0 135.411
289.117 0 134.649
288.34 0 133.909
287.56 0 133.189
286.777 0 132.49
285.992 0 131.81
285.203 0 131.151
284.412 0 130.512
283.618 0 129.893
282.821 0 129.293
282.021 0 128.713
281.219 0 128.152
280.413 0 127.61
279.604 0 127.087
278.792 0 126.582
277.978 0 126.096
277.16 0 125.628
276.339 0 125.179
275.515 0 124.747
274.688 0 124.333
273.857 0 123.937
273.024 0 123.558
272.187 0 123.197
271.347 0 122.852
270.504 0 122.525
269.657 0 122.214
268.808 0 121.919
267.955 0 121.641
267.098 0 121.379
266.239 0 121.133
265.376 0 120.903
264.509 0 120.689
263.639 0 120.49
262.766 0 120.306
261.889 0 120.137
261.009 0 119.983
260.125 0 119.844
259.237 0 119.72
258.346 0 119.609
257.452 0 119.513
256.554 0 119.431
255.652 0 119.363
254.746 0 119.309
253.837 0 119.267
252.925 0 119.24
252.008 0 119.225
251.088 0 119.223
250.164 0 119.234
249.236 0 119.257
248.304 0 119.293
247.369 0 119.341
246.429 0 119.401
245.486 0 119.473
244.539 0 119.557
243.588 0 119.652
242.633 0 119.758
241.673 0 119.876
240.71 0 120.004
239.743 0 120.144
238.772 0 120.293
237.797 0 120.453
236.818 0 120.624
235.834 0 120.804
234.847 0 120.995
233.855 0 121.195
232.859 0 121.404
231.859 0 121.623
230.855 0 121.851
229.846 0 122.088
228.833 0 122.333
228.833 0 122.333
227.816 0 122.588
226.795 0 122.85
225.769 0 123.122
224.74 0 123.402
223.707 0 123.69
222.67 0 123.987
221.629 0 124.293
220.585 0 124.607
219.537 0 124.929
218.486 0 125.259
217.431 0 125.599
216.374 0 125.946
215.313 0 126.302
214.25 0 126.666
213.184 0 127.038
212.115 0 127.418
211.043 0 127.807
209.969 0 128.204
208.892 0 128.609
207.813 0 129.023
206.732 0 129.444
205.649 0 129.874
204.564 0 130.311
203.477 0 130.757
202.388 0 131.211
201.298 0 131.673
200.205 0 132.143
199.112 0 132.62
198.017 0 133.106
196.921 0 133.6
195.824 0 134.101
194.725 0 134.611
193.626 0 135.128
192.526 0 135.653
191.425 0 136.186
190.323 0 136.727
189.221 0 137.276
188.119 0 137.832
187.016 0 138.396
185.913 0 138.968
184.81 0 139.547
183.707 0 140.135
182.604 0 140.729
181.502 0 141.332
180.399 0 141.942
179.297 0 142.559
178.196 0 143.184
177.095 0 143.817
175.995 0 144.457
174.896 0 145.104
173.798 0 145.759
172.7 0 146.422
171.604 0 147.091
170.51 0 147.769
169.416 0 148.453
168.324 0 149.145
167.234 0 149.844
166.145 0 150.551
165.058 0 151.264
163.973 0 151.985
162.89 0 152.714
161.809 0 153.449
160.731 0 154.191
159.654 0 154.941
158.581 0 155.698
157.509 0 156.462
156.44 0 157.233
155.374 0 158.011
154.311 0 158.796
153.251 0 159.588
152.194 0 160.388
151.14 0 161.194
150.089 0 162.007
149.041 0 162.827
147.997 0 163.654
146.957 0 164.487
145.92 0 165.328
144.887 0 166.175
143.858 0 167.03
142.833 0 167.891
141.812 0 168.758
140.796 0 169.633
139.783 0 170.514
138.775 0 171.402
137.772 0 172.297
136.773 0 173.198
135.779 0 174.106
134.79 0 175.02
133.805 0 175.941
132.826 0 176.869
131.852 0 177.803
130.883 0 178.744
129.919 0 179.691
128.961 0 180.644
128.009 0 181.604
127.062 0 182.571
126.121 0 183.543
125.186 0 184.523
124.256 0 185.508
123.333 0 186.5
123.333 0 186.5
122.416 0 187.498
121.506 0 188.502
120.602 0 189.513
119.704 0 190.529
118.813 0 191.552
117.928 0 192.58
117.05 0 193.614
116.179 0 194.653
115.314 0 195.699
114.457 0 196.749
113.606 0 197.805
112.763 0 198.866
111.927 0 199.933
111.098 0 201.004
110.276 0 202.08
109.462 0 203.162
108.656 0 204.248
107.856 0 205.338
107.065 0 206.434
106.281 0 207.533
105.505 0 208.638
104.737 0 209.746
103.977 0 210.859
103.226 0 211.976
102.482 0 213.096
101.746 0 214.221
101.019 0 215.35
100.3 0 216.482
99.5897 0 217.618
98.8878 0 218.757
98.1946 0 219.9
97.5101 0 221.047
96.8344 0 222.196
96.1675 0 223.349
95.5097 0 224.505
94.8608 0 225.664
94.2211 0 226.825
93.5905 0 227.99
92.9692 0 229.157
92.3573 0 230.327
91.7549 0 231.499
91.1619 0 232.674
90.5786 0 233.85
90.0049 0 235.03
89.441 0 236.211
88.887 0 237.394
88.3428 0 238.579
87.8087 0 239.767
87.2847 0 240.955
86.7709 0 242.146
86.2672 0 243.338
85.7739 0 244.531
85.2911 0 245.726
84.8187 0 246.922
84.3569 0 248.119
83.9058 0 249.318
83.4654 0 250.517
83.0358 0 251.717
82.6171 0 252.918
82.2093 0 254.12
81.8127 0 255.322
81.4272 0 256.525
81.0529 0 257.728
80.6899 0 258.932
80.3383 0 260.135
79.9981 0 261.339
79.6695 0 262.543
79.3526 0 263.747
79.0473 0 264.951
78.7538 0 266.154
78.4722 0 267.357
78.2026 0 268.56
77.945 0 269.762
77.6995 0 270.963
77.4662 0 272.164
77.2451 0 273.364
77.0364 0 274.563
76.8402 0 275.761
76.6565 0 276.958
76.4853 0 278.153
76.3269 0 279.348
76.1812 0 280.541
76.0484 0 281.732
75.9284 0 282.922
75.8215 0 284.11
75.7277 0 285.296
75.647 0 286.481
75.5796 0 287.664
75.5255 0 288.844
75.4848 0 290.022
75.4576 0 291.199
75.444 0 292.372
75.4441 0 293.544
75.4578 0 294.712
75.4854 0 295.879
75.5269 0 297.042
75.5823 0 298.203
75.6518 0 299.36
75.7355 0 300.515
75.8333 0 301.667
75.8333 0 301.667
75.9455 0 302.815
76.0719 0 303.96
76.2126 0 305.102
76.3674 0 306.241
76.5365 0 307.376
76.7197 0 308.508
76.917 0 309.637
77.1285 0 310.763
77.354 0 311.885
77.5935 0 313.003
77.847 0 314.119
78.1146 0 315.231
78.3961 0 316.339
78.6915 0 317.444
79.0008 0 318.545
79.3239 0 319.643
79.6609 0 320.738
80.0117 0 321.829
80.3763 0 322.916
80.7547 0 324
81.1467 0 325.08
81.5525 0 326.157
81.9719 0 327.23
82.4049 0 328.299
82.8516 0 329.365
83.3118 0 330.426
83.7856 0 331.485
84.2728 0 332.539
84.7736 0 333.59
85.2878 0 334.637
85.8155 0 335.68
86.3565 0 336.719
86.911 0 337.754
87.4788 0 338.786
88.0598 0 339.814
88.6542 0 340.838
89.2618 0 341.857
89.8827 0 342.873
90.5168 0 343.885
91.164 0 344.893
91.8244 0 345.897
92.4978 0 346.897
93.1844 0 347.893
93.884 0 348.885
94.5966 0 349.873
95.3223 0 350.857
96.0609 0 351.836
96.8124 0 352.812
97.5768 0 353.783
98.3541 0 354.75
99.1443 0 355.713
99.9473 0 356.672
100.763 0 357.626
101.592 0 358.576
102.433 0 359.522
103.287 0 360.464
104.154 0 361.401
105.033 0 362.334
105.925 0 363.262
106.829 0 364.187
107.746 0 365.106
108.676 0 366.022
109.618 0 366.933
110.573 0 367.839
111.54 0 368.741
112.519 0 369.639
113.511 0 370.532
114.515 0 371.42
115.532 0 372.304
116.56 0 373.183
117.602 0 374.058
118.655 0 374.928
119.72 0 375.793
120.798 0 376.654
121.888 0 377.51
122.99 0 378.362
124.104 0 379.208
125.23 0 380.05
126.368 0 380.888
127.519 0 381.72
128.681 0 382.548
129.855 0 383.37
131.041 0 384.188
132.239 0 385.001
133.449 0 385.81
134.67 0 386.613
135.904 0 387.411
137.149 0 388.205
138.406 0 388.993
139.675 0 389.777
140.955 0 390.555
142.247 0 391.329
143.551 0 392.097
144.866 0 392.86
146.193 0 393.619
147.531 0 394.372
148.881 0 395.12
150.243 0 395.863
151.616 0 396.601
153 0 397.333
153 0 397.333
154.396 0 398.061
155.803 0 398.783
157.221 0 399.499
158.65 0 400.209
160.09 0 400.913
161.541 0 401.611
163.002 0 402.302
164.474 0 402.986
165.956 0 403.663
167.449 0 404.332
168.952 0 404.994
170.464 0 405.648
171.987 0 406.294
173.519 0 406.931
175.061 0 407.56
176.613 0 408.18
178.173 0 408.791
179.743 0 409.392
181.323 0 409.984
182.911 0 410.565
184.508 0 411.137
186.113 0 411.698
187.728 0 412.249
189.351 0 412.789
190.982 0 413.318
192.621 0 413.835
194.269 0 414.341
195.924 0 414.835
197.587 0 415.317
199.258 0 415.786
200.937 0 416.243
202.623 0 416.687
204.317 0 417.118
206.017 0 417.536
207.725 0 417.94
209.44 0 418.331
211.161 0 418.707
212.889 0 419.069
214.624 0 419.417
216.365 0 419.749
218.113 0 420.067
219.867 0 420.369
221.626 0 420.656
223.392 0 420.927
225.164 0 421.182
226.941 0 421.421
228.724 0 421.643
230.512 0 421.849
232.305 0 422.037
234.104 0 422.208
235.908 0 422.362
237.717 0 422.498
239.53 0 422.616
241.348 0 422.716
243.171 0 422.797
244.998 0 422.859
246.829 0 422.903
248.665 0 422.927
250.504 0 422.932
252.348 0 422.917
254.195 0 422.883
256.046 0 422.827
257.901 0 422.752
259.758 0 422.656
261.62 0 422.539
263.484 0 422.4
265.351 0 422.241
267.221 0 422.059
269.094 0 421.856
270.97 0 421.63
272.848 0 421.382
274.728 0 421.112
276.611 0 420.818
278.496 0 420.502
280.383 0 420.161
282.271 0 419.798
284.162 0 419.41
286.054 0 418.998
287.948 0 418.562
289.843 0 418.101
291.739 0 417.616
293.636 0 417.105
295.534 0 416.569
297.434 0 416.007
299.333 0 415.419
301.234 0 414.805
303.135 0 414.165
305.036 0 413.499
306.938 0 412.805
308.839 0 412.084
310.741 0 411.336
312.642 0 410.561
314.544 0 409.757
316.444 0 408.926
318.345 0 408.066
320.244 0 407.178
322.143 0 406.26
324.041 0 405.314
325.938 0 404.339
327.833 0 403.333
327.833 0 403.333
329.728 0 402.299
331.62 0 401.234
333.51 0 400.142
335.398 0 399.021
337.282 0 397.872
339.163 0 396.697
341.039 0 395.495
342.911 0 394.267
344.778 0 393.014
346.639 0 391.736
348.495 0 390.434
350.343 0 389.108
352.185 0 387.759
354.019 0 386.387
355.845 0 384.994
357.663 0 383.578
359.472 0 382.143
361.272 0 380.686
363.062 0 379.21
364.841 0 377.715
366.61 0 376.201
368.368 0 374.668
370.113 0 373.119
371.847 0 371.552
373.568 0 369.969
375.275 0 368.37
376.97 0 366.755
378.65 0 365.126
380.315 0 363.482
381.965 0 361.825
383.6 0 360.155
385.219 0 358.472
386.821 0 356.777
388.407 0 355.071
389.975 0 353.354
391.525 0 351.626
393.057 0 349.889
394.57 0 348.143
396.063 0 346.387
397.537 0 344.624
398.991 0 342.853
400.424 0 341.075
401.835 0 339.291
403.225 0 337.501
404.593 0 335.705
405.938 0 333.905
407.26 0 332.1
408.559 0 330.292
409.833 0 328.481
411.083 0 326.667
412.308 0 324.851
413.508 0 323.033
414.681 0 321.215
415.828 0 319.397
416.948 0 317.578
418.041 0 315.761
419.106 0 313.944
420.143 0 312.13
421.151 0 310.318
422.129 0 308.509
423.078 0 306.704
423.997 0 304.903
424.885 0 303.106
425.742 0 301.315
426.567 0 299.529
427.36 0 297.75
428.12 0 295.978
428.848 0 294.213
429.541 0 292.456
430.201 0 290.708
430.827 0 288.969
431.417 0 287.239
431.972 0 285.52
432.491 0 283.812
432.974 0 282.115
433.42 0 280.429
433.828 0 278.757
434.199 0 277.097
434.532 0 275.451
434.825 0 273.819
435.08 0 272.201
435.295 0 270.599
435.469 0 269.013
435.603 0 267.443
435.696 0 265.89
435.747 0 264.354
435.757 0 262.837
435.723 0 261.338
435.647 0 259.858
435.527 0 258.397
435.364 0 256.957
435.155 0 255.538
434.902 0 254.14
434.604 0 252.764
434.259 0 251.411
433.869 0 250.081
433.431 0 248.774
432.947 0 247.491
432.414 0 246.233
431.833 0 245
431.833 0 245
431.204 0 243.793
430.527 0 242.611
429.803 0 241.455
429.032 0 240.324
428.216 0 239.218
427.355 0 238.137
426.449 0 237.08
425.501 0 236.047
424.51 0 235.039
423.477 0 234.054
422.404 0 233.093
421.29 0 232.156
420.137 0 231.242
418.945 0 230.351
417.715 0 229.482
416.448 0 228.636
415.145 0 227.813
413.806 0 227.012
412.433 0 226.232
411.025 0 225.475
409.585 0 224.739
408.112 0 224.024
406.607 0 223.33
405.071 0 222.657
403.505 0 222.005
401.91 0 221.374
400.286 0 220.762
398.635 0 220.171
396.956 0 219.599
395.251 0 219.047
393.521 0 218.514
391.766 0 218.001
389.987 0 217.506
388.185 0 217.031
386.36 0 216.573
384.514 0 216.134
382.647 0 215.713
380.76 0 215.31
378.854 0 214.925
376.929 0 214.557
374.987 0 214.207
373.027 0 213.873
371.052 0 213.556
369.061 0 213.256
367.055 0 212.972
365.035 0 212.705
363.002 0 212.453
360.957 0 212.217
358.901 0 211.997
356.833 0 211.792
354.756 0 211.602
352.669 0 211.427
350.574 0 211.266
348.472 0 211.12
346.362 0 210.988
344.246 0 210.871
342.125 0 210.767
339.999 0 210.677
337.87 0 210.6
335.737 0 210.536
333.603 0 210.485
331.466 0 210.447
329.329 0 210.422
327.192 0 210.409
325.056 0 210.408
322.922 0 210.418
320.79 0 210.441
318.661 0 210.475
316.536 0 210.52
314.415 0 210.576
312.301 0 210.643
310.192 0 210.721
308.09 0 210.809
305.997 0 210.907
303.912 0 211.016
301.836 0 211.134
299.77 0 211.261
297.715 0 211.398
295.672 0 211.544
293.641 0 211.699
291.624 0 211.862
289.62 0 212.034
287.632 0 212.214
285.659 0 212.403
283.702 0 212.599
281.762 0 212.802
279.84 0 213.013
277.937 0 213.232
276.053 0 213.457
274.189 0 213.689
272.347 0 213.928
270.526 0 214.172
268.727 0 214.423
266.952 0 214.68
265.201 0 214.943
263.475 0 215.211
261.774 0 215.484
260.1 0 215.762
258.453 0 216.046
256.833 0 216.333
